S0:

4  9  1  2  8  11  0  6  14  10  3  7  12  15  13  5  
4  14  6  3  13  11  8  12  2  7  0  15  1  10  9  5  
10  6  14  9  0  3  15  7  5  8  12  11  4  1  2  13  
9  2  5  13  10  8  15  4  12  7  3  11  14  6  1  0  

S1:

15  13  11  12  2  8  0  9  1  4  7  6  14  3  10  5  
7  10  3  11  15  2  13  0  6  1  8  4  12  5  14  9  
11  5  14  3  1  13  2  6  8  4  12  9  7  0  15  10  
10  15  7  6  14  9  12  4  11  13  8  5  0  1  2  3  

S2:

2  8  11  7  1  10  6  12  15  4  14  9  13  3  0  5  
14  3  2  10  15  0  13  11  6  1  9  5  4  8  7  12  
3  10  13  1  9  0  14  11  7  4  8  15  6  2  12  5  
3  4  9  11  14  13  7  6  8  1  10  5  0  12  2  15  

S3:

10  9  3  8  4  7  2  12  13  1  5  15  14  0  11  6  
7  11  13  4  8  14  2  10  5  6  12  9  15  3  1  0  
3  13  10  5  7  14  0  8  1  15  9  11  6  4  12  2  
7  15  14  11  5  1  13  9  8  0  6  10  4  2  12  3  

S4:

10  3  12  4  2  13  5  1  7  11  0  9  15  8  14  6  
11  2  12  14  13  6  0  1  15  8  9  3  4  5  7  10  
6  3  9  14  7  5  10  12  13  4  8  2  11  15  0  1  
9  2  14  8  3  4  15  11  1  12  6  10  13  7  0  5  

S5:

0  11  14  15  7  2  6  4  9  3  1  5  8  12  10  13  
12  10  2  3  11  7  6  8  13  0  15  5  14  4  9  1  
12  10  8  13  14  6  9  11  5  1  0  2  15  3  7  4  
14  11  1  13  2  12  3  6  7  9  15  8  4  10  5  0  

S6:

15  9  2  6  11  7  14  1  0  3  5  4  13  8  10  12  
3  15  2  6  9  14  11  13  4  10  12  7  0  5  1  8  
1  10  3  7  9  4  2  13  14  8  15  5  11  12  6  0  
12  1  9  15  5  7  10  0  3  4  6  11  13  8  2  14  

S7:

13  2  4  8  14  1  6  9  7  3  11  10  12  15  0  5  
13  5  10  9  7  6  3  4  15  14  0  11  12  8  1  2  
8  2  6  7  14  11  12  9  4  15  3  0  1  13  10  5  
3  15  11  2  4  13  8  9  12  5  6  7  0  1  10  14  

