S0:

2  5  14  13  8  10  0  3  12  15  6  11  4  9  1  7  
5  3  15  0  11  13  2  4  10  6  12  14  1  7  9  8  
6  9  0  11  7  15  2  8  5  12  1  4  10  3  13  14  
4  5  11  8  0  3  7  14  1  15  6  2  9  10  12  13  

S1:

3  1  13  0  11  10  8  5  2  6  12  7  15  9  14  4  
1  11  2  15  12  6  13  9  3  7  5  10  14  8  0  4  
11  1  4  14  3  10  2  13  9  15  12  7  5  6  8  0  
8  15  3  12  2  13  1  4  0  9  6  10  7  5  11  14  

S2:

7  2  8  13  10  15  4  0  11  14  3  1  9  6  5  12  
6  8  15  1  7  0  14  12  4  13  2  10  3  5  11  9  
10  14  9  0  11  1  8  4  3  13  6  5  15  2  12  7  
10  14  3  2  12  8  4  6  13  15  1  7  11  5  0  9  

S3:

2  5  9  15  1  14  10  4  3  7  12  11  0  13  8  6  
10  14  15  2  3  0  11  13  4  5  7  12  1  8  6  9  
1  5  14  9  8  3  6  13  11  2  0  15  10  7  12  4  
15  5  1  2  0  10  3  7  13  6  12  8  11  14  4  9  

S4:

8  15  10  1  14  7  9  0  13  2  4  11  12  6  5  3  
15  6  13  3  4  0  5  11  14  9  10  8  12  7  1  2  
6  12  15  3  10  9  14  7  8  1  0  11  13  4  2  5  
4  12  7  1  14  10  2  6  5  0  11  8  13  15  9  3  

S5:

5  11  13  6  2  1  15  4  10  12  8  0  9  3  14  7  
3  4  14  12  15  1  2  7  0  13  8  11  6  9  10  5  
5  4  9  1  11  8  12  13  14  0  2  15  3  6  7  10  
4  10  3  15  13  9  1  2  6  5  7  8  11  14  0  12  

S6:

12  13  0  10  2  15  9  6  5  8  14  7  3  1  4  11  
5  2  3  0  14  7  6  10  12  8  1  15  9  13  11  4  
12  2  15  8  10  14  6  4  1  3  5  7  13  0  9  11  
15  14  10  7  12  3  0  9  13  8  4  5  2  1  6  11  

S7:

11  3  5  10  8  2  1  7  9  12  13  4  14  15  6  0  
8  10  11  6  5  13  0  15  9  12  3  4  7  2  1  14  
10  11  6  15  5  12  7  0  1  3  2  9  14  4  8  13  
8  4  1  14  10  5  11  9  12  0  2  13  6  7  15  3  

