S0:

13  0  4  7  1  15  8  6  11  2  3  10  9  14  12  5  
0  15  10  11  13  7  12  8  3  5  14  4  1  6  9  2  
9  7  3  8  2  5  14  4  1  6  15  11  13  10  0  12  
11  10  15  14  12  4  0  3  5  6  9  1  7  8  13  2  

S1:

11  9  2  10  13  12  1  3  0  8  6  15  7  14  4  5  
3  12  9  4  10  1  7  13  6  8  2  5  11  14  0  15  
1  3  9  15  6  10  13  7  5  11  0  2  12  8  14  4  
2  5  1  10  3  14  6  13  8  15  4  7  0  9  12  11  

S2:

12  13  1  7  6  2  8  11  10  14  3  9  4  0  15  5  
10  9  5  8  6  15  0  13  2  1  3  7  12  11  4  14  
1  5  9  6  4  10  13  7  15  8  14  0  12  11  2  3  
10  12  5  9  4  0  7  1  2  6  14  8  13  11  3  15  

S3:

3  13  15  7  11  2  5  14  9  8  4  10  0  12  1  6  
5  6  11  9  7  1  10  3  4  0  8  15  12  14  13  2  
0  9  8  12  7  3  15  4  2  14  5  1  11  13  6  10  
14  10  2  12  0  4  8  3  6  5  9  7  15  1  11  13  

S4:

10  4  7  8  15  3  1  6  2  5  14  12  9  11  13  0  
10  9  5  0  13  6  15  12  2  7  3  1  8  14  11  4  
15  0  13  5  4  6  11  3  12  1  7  8  9  2  10  14  
8  2  0  14  3  10  1  15  7  5  6  13  9  12  11  4  

S5:

10  7  15  11  13  6  12  2  5  9  1  3  8  0  4  14  
10  6  14  1  11  15  4  5  3  13  0  7  8  9  12  2  
14  6  9  3  0  15  8  12  7  10  4  13  5  2  11  1  
13  1  14  6  7  12  3  4  10  9  5  8  15  2  0  11  

S6:

4  7  8  14  15  9  11  13  0  12  6  3  2  10  1  5  
9  11  15  13  5  8  3  10  14  12  1  7  2  4  6  0  
7  5  10  1  2  11  15  3  0  4  12  13  9  14  6  8  
13  4  9  2  12  14  3  0  8  10  6  7  5  1  11  15  

S7:

14  7  6  10  13  5  3  2  4  11  12  1  8  0  9  15  
11  13  14  0  10  2  1  7  12  9  4  15  5  6  8  3  
3  9  5  13  8  2  14  11  15  1  0  7  10  12  4  6  
10  1  9  13  4  3  7  2  5  0  8  6  11  15  12  14  

